biases = [1.821, 1.973, 0.554827, 0.501502, 0.205, 0.24]
ranges = [4.683, 4.09, 1.25289, 1.08101, 8.293, 5.498]
pool_size = 600

